[gd_scene format=3 uid="uid://c2p04rki08xh5"]

[ext_resource type="Script" uid="uid://c7ciamuapwubd" path="res://Entities/Player/Model/PlayerModel.gd" id="1_rvbmx"]
[ext_resource type="AnimationLibrary" uid="uid://cayi6t5cuf7gy" path="res://Entities/Player/Visuals/Resources/XBotAnimations.res" id="2_dvg17"]
[ext_resource type="Script" uid="uid://nvdk7gl3vqfs" path="res://Entities/Player/Data/PlayerActionData.gd" id="2_m20wt"]
[ext_resource type="Script" uid="uid://bjw3tygpodtev" path="res://Entities/Player/Data/PlayerResources.gd" id="3_dvg17"]
[ext_resource type="Script" uid="uid://620any2k6qha" path="res://Entities/Player/Actions/PlayerCombatManager.gd" id="4_f2y5u"]
[ext_resource type="Script" uid="uid://dgmxstlenay7b" path="res://Entities/Player/Actions/PlayerActionManager.gd" id="6_n82hr"]
[ext_resource type="Script" uid="uid://du8txlrr2po7v" path="res://Entities/Player/Actions/States/Run.gd" id="7_j3w6i"]
[ext_resource type="Script" uid="uid://ca6i0s8oneqjc" path="res://Entities/Player/Actions/States/Walk.gd" id="8_afecr"]
[ext_resource type="Script" uid="uid://p1qurm2f1bvl" path="res://Entities/Player/Actions/States/Idle.gd" id="9_4yxky"]

[sub_resource type="Curve" id="Curve_prnb2"]
_limits = [0.0, 7.0, 0.0, 1.0]
_data = [Vector2(0, 0), 0.0, 0.0, 0, 0, Vector2(0.114286, 1), 0.0, 0.0, 0, 0, Vector2(0.2, 2), 0.0, 0.0, 0, 0, Vector2(0.3, 3), 0.0, 0.0, 0, 0, Vector2(0.414286, 4), 0.0, 0.0, 0, 0, Vector2(0.485714, 5), 0.0, 0.0, 0, 0, Vector2(0.6, 6.1), 0.0, 0.0, 0, 0, Vector2(1, 7), 0.0, 0.0, 0, 0]
point_count = 8
metadata/_snap_count = 70
metadata/_snap_enabled = true

[sub_resource type="Animation" id="Animation_m20wt"]
resource_name = "Idle"
tracks/0/type = "value"
tracks/0/imported = false
tracks/0/enabled = true
tracks/0/path = NodePath("ActionData:_transitionable")
tracks/0/interp = 1
tracks/0/loop_wrap = true
tracks/0/keys = {
"times": PackedFloat32Array(0),
"transitions": PackedFloat32Array(1),
"update": 1,
"values": [true]
}
tracks/1/type = "value"
tracks/1/imported = false
tracks/1/enabled = true
tracks/1/path = NodePath("ActionData:_trackDirection")
tracks/1/interp = 1
tracks/1/loop_wrap = true
tracks/1/keys = {
"times": PackedFloat32Array(0),
"transitions": PackedFloat32Array(1),
"update": 1,
"values": [false]
}
tracks/2/type = "value"
tracks/2/imported = false
tracks/2/enabled = true
tracks/2/path = NodePath("ActionData:_mimicRootMotion")
tracks/2/interp = 1
tracks/2/loop_wrap = true
tracks/2/keys = {
"times": PackedFloat32Array(0),
"transitions": PackedFloat32Array(1),
"update": 1,
"values": [false]
}
tracks/3/type = "value"
tracks/3/imported = false
tracks/3/enabled = true
tracks/3/path = NodePath("ActionData:_rootMotionVelocityFactor")
tracks/3/interp = 1
tracks/3/loop_wrap = true
tracks/3/keys = {
"times": PackedFloat32Array(0),
"transitions": PackedFloat32Array(1),
"update": 0,
"values": [1.0]
}
tracks/4/type = "value"
tracks/4/imported = false
tracks/4/enabled = true
tracks/4/path = NodePath("ActionData:_vulnerable")
tracks/4/interp = 1
tracks/4/loop_wrap = true
tracks/4/keys = {
"times": PackedFloat32Array(0),
"transitions": PackedFloat32Array(1),
"update": 1,
"values": [true]
}
tracks/5/type = "value"
tracks/5/imported = false
tracks/5/enabled = true
tracks/5/path = NodePath("ActionData:_acceptsQueue")
tracks/5/interp = 1
tracks/5/loop_wrap = true
tracks/5/keys = {
"times": PackedFloat32Array(0),
"transitions": PackedFloat32Array(1),
"update": 1,
"values": [false]
}
tracks/6/type = "value"
tracks/6/imported = false
tracks/6/enabled = true
tracks/6/path = NodePath("ActionData:_comboPause")
tracks/6/interp = 1
tracks/6/loop_wrap = true
tracks/6/keys = {
"times": PackedFloat32Array(0),
"transitions": PackedFloat32Array(1),
"update": 1,
"values": [false]
}

[sub_resource type="Animation" id="Animation_kb0qu"]
length = 0.001
tracks/0/type = "value"
tracks/0/imported = false
tracks/0/enabled = true
tracks/0/path = NodePath("ActionData:_transitionable")
tracks/0/interp = 1
tracks/0/loop_wrap = true
tracks/0/keys = {
"times": PackedFloat32Array(0),
"transitions": PackedFloat32Array(1),
"update": 1,
"values": [true]
}
tracks/1/type = "value"
tracks/1/imported = false
tracks/1/enabled = true
tracks/1/path = NodePath("ActionData:_trackDirection")
tracks/1/interp = 1
tracks/1/loop_wrap = true
tracks/1/keys = {
"times": PackedFloat32Array(0),
"transitions": PackedFloat32Array(1),
"update": 1,
"values": [false]
}
tracks/2/type = "value"
tracks/2/imported = false
tracks/2/enabled = true
tracks/2/path = NodePath("ActionData:_mimicRootMotion")
tracks/2/interp = 1
tracks/2/loop_wrap = true
tracks/2/keys = {
"times": PackedFloat32Array(0),
"transitions": PackedFloat32Array(1),
"update": 1,
"values": [false]
}
tracks/3/type = "value"
tracks/3/imported = false
tracks/3/enabled = true
tracks/3/path = NodePath("ActionData:_rootMotionVelocityFactor")
tracks/3/interp = 1
tracks/3/loop_wrap = true
tracks/3/keys = {
"times": PackedFloat32Array(0),
"transitions": PackedFloat32Array(1),
"update": 0,
"values": [1.0]
}
tracks/4/type = "value"
tracks/4/imported = false
tracks/4/enabled = true
tracks/4/path = NodePath("ActionData:_vulnerable")
tracks/4/interp = 1
tracks/4/loop_wrap = true
tracks/4/keys = {
"times": PackedFloat32Array(0),
"transitions": PackedFloat32Array(1),
"update": 1,
"values": [true]
}
tracks/5/type = "value"
tracks/5/imported = false
tracks/5/enabled = true
tracks/5/path = NodePath("ActionData:_acceptsQueue")
tracks/5/interp = 1
tracks/5/loop_wrap = true
tracks/5/keys = {
"times": PackedFloat32Array(0),
"transitions": PackedFloat32Array(1),
"update": 1,
"values": [false]
}
tracks/6/type = "value"
tracks/6/imported = false
tracks/6/enabled = true
tracks/6/path = NodePath("ActionData:_comboPause")
tracks/6/interp = 1
tracks/6/loop_wrap = true
tracks/6/keys = {
"times": PackedFloat32Array(0),
"transitions": PackedFloat32Array(1),
"update": 1,
"values": [false]
}

[sub_resource type="Animation" id="Animation_dvg17"]
resource_name = "Run"
tracks/0/type = "value"
tracks/0/imported = false
tracks/0/enabled = true
tracks/0/path = NodePath("ActionData:_transitionable")
tracks/0/interp = 1
tracks/0/loop_wrap = true
tracks/0/keys = {
"times": PackedFloat32Array(0),
"transitions": PackedFloat32Array(1),
"update": 1,
"values": [true]
}
tracks/1/type = "value"
tracks/1/imported = false
tracks/1/enabled = true
tracks/1/path = NodePath("ActionData:_trackDirection")
tracks/1/interp = 1
tracks/1/loop_wrap = true
tracks/1/keys = {
"times": PackedFloat32Array(0),
"transitions": PackedFloat32Array(1),
"update": 1,
"values": [true]
}
tracks/2/type = "value"
tracks/2/imported = false
tracks/2/enabled = true
tracks/2/path = NodePath("ActionData:_mimicRootMotion")
tracks/2/interp = 1
tracks/2/loop_wrap = true
tracks/2/keys = {
"times": PackedFloat32Array(0),
"transitions": PackedFloat32Array(1),
"update": 1,
"values": [false]
}
tracks/3/type = "value"
tracks/3/imported = false
tracks/3/enabled = true
tracks/3/path = NodePath("ActionData:_rootMotionVelocityFactor")
tracks/3/interp = 1
tracks/3/loop_wrap = true
tracks/3/keys = {
"times": PackedFloat32Array(0),
"transitions": PackedFloat32Array(1),
"update": 0,
"values": [1.0]
}
tracks/4/type = "value"
tracks/4/imported = false
tracks/4/enabled = true
tracks/4/path = NodePath("ActionData:_vulnerable")
tracks/4/interp = 1
tracks/4/loop_wrap = true
tracks/4/keys = {
"times": PackedFloat32Array(0),
"transitions": PackedFloat32Array(1),
"update": 1,
"values": [true]
}
tracks/5/type = "value"
tracks/5/imported = false
tracks/5/enabled = true
tracks/5/path = NodePath("ActionData:_acceptsQueue")
tracks/5/interp = 1
tracks/5/loop_wrap = true
tracks/5/keys = {
"times": PackedFloat32Array(0),
"transitions": PackedFloat32Array(1),
"update": 1,
"values": [false]
}
tracks/6/type = "value"
tracks/6/imported = false
tracks/6/enabled = true
tracks/6/path = NodePath("ActionData:_comboPause")
tracks/6/interp = 1
tracks/6/loop_wrap = true
tracks/6/keys = {
"times": PackedFloat32Array(0),
"transitions": PackedFloat32Array(1),
"update": 1,
"values": [false]
}

[sub_resource type="Animation" id="Animation_f2y5u"]
resource_name = "Walk"
tracks/0/type = "value"
tracks/0/imported = false
tracks/0/enabled = true
tracks/0/path = NodePath("ActionData:_transitionable")
tracks/0/interp = 1
tracks/0/loop_wrap = true
tracks/0/keys = {
"times": PackedFloat32Array(0),
"transitions": PackedFloat32Array(1),
"update": 1,
"values": [true]
}
tracks/1/type = "value"
tracks/1/imported = false
tracks/1/enabled = true
tracks/1/path = NodePath("ActionData:_trackDirection")
tracks/1/interp = 1
tracks/1/loop_wrap = true
tracks/1/keys = {
"times": PackedFloat32Array(0),
"transitions": PackedFloat32Array(1),
"update": 1,
"values": [true]
}
tracks/2/type = "value"
tracks/2/imported = false
tracks/2/enabled = true
tracks/2/path = NodePath("ActionData:_mimicRootMotion")
tracks/2/interp = 1
tracks/2/loop_wrap = true
tracks/2/keys = {
"times": PackedFloat32Array(0),
"transitions": PackedFloat32Array(1),
"update": 1,
"values": [false]
}
tracks/3/type = "value"
tracks/3/imported = false
tracks/3/enabled = true
tracks/3/path = NodePath("ActionData:_rootMotionVelocityFactor")
tracks/3/interp = 1
tracks/3/loop_wrap = true
tracks/3/keys = {
"times": PackedFloat32Array(0),
"transitions": PackedFloat32Array(1),
"update": 0,
"values": [1.0]
}
tracks/4/type = "value"
tracks/4/imported = false
tracks/4/enabled = true
tracks/4/path = NodePath("ActionData:_vulnerable")
tracks/4/interp = 1
tracks/4/loop_wrap = true
tracks/4/keys = {
"times": PackedFloat32Array(0),
"transitions": PackedFloat32Array(1),
"update": 1,
"values": [true]
}
tracks/5/type = "value"
tracks/5/imported = false
tracks/5/enabled = true
tracks/5/path = NodePath("ActionData:_acceptsQueue")
tracks/5/interp = 1
tracks/5/loop_wrap = true
tracks/5/keys = {
"times": PackedFloat32Array(0),
"transitions": PackedFloat32Array(1),
"update": 1,
"values": [false]
}
tracks/6/type = "value"
tracks/6/imported = false
tracks/6/enabled = true
tracks/6/path = NodePath("ActionData:_comboPause")
tracks/6/interp = 1
tracks/6/loop_wrap = true
tracks/6/keys = {
"times": PackedFloat32Array(0),
"transitions": PackedFloat32Array(1),
"update": 1,
"values": [false]
}

[sub_resource type="AnimationLibrary" id="AnimationLibrary_kb0qu"]
_data = {
&"Idle": SubResource("Animation_m20wt"),
&"RESET": SubResource("Animation_kb0qu"),
&"Run": SubResource("Animation_dvg17"),
&"Walk": SubResource("Animation_f2y5u")
}

[node name="Model" type="Node3D" unique_id=2130243074]
script = ExtResource("1_rvbmx")
metadata/_custom_type_script = "uid://c7ciamuapwubd"

[node name="Skeleton" type="Skeleton3D" parent="." unique_id=1842490949]
transform = Transform3D(0.01, 0, 0, 0, 0, -0.01, 0, 0.01, 0, 0, 0, 0)
bones/0/name = "mixamorig_Hips"
bones/0/parent = -1
bones/0/rest = Transform3D(1, -8.7809625e-05, -2.7869974e-06, 2.7869974e-06, 0, 1, -8.7809625e-05, -1, 0, -6.7570113e-06, 4.84474e-05, -99.79194)
bones/0/enabled = true
bones/0/position = Vector3(0.6066842, -0.59653693, -91.30632)
bones/0/rotation = Quaternion(-0.6820802, -0.27115005, 0.24938904, 0.63170356)
bones/0/scale = Vector3(1, 1, 1)
bones/1/name = "mixamorig_Spine"
bones/1/parent = 0
bones/1/rest = Transform3D(1, -1.2216124e-05, -7.4326255e-07, 1.2216125e-05, 0.9926236, 0.12123627, -7.4325743e-07, -0.12123627, 0.9926236, 0.00085978606, 9.923462, -1.227335)
bones/1/enabled = true
bones/1/position = Vector3(0.00085978606, 9.923462, -1.227335)
bones/1/rotation = Quaternion(0.06822615, 0.0028271023, -0.027360082, 0.9972907)
bones/1/scale = Vector3(1, 0.99999994, 0.99999994)
bones/2/name = "mixamorig_Spine1"
bones/2/parent = 1
bones/2/rest = Transform3D(1, 1.863219e-05, -7.305717e-09, -1.863219e-05, 0.99999994, -0.00039224687, -2.7016167e-12, 0.00039224687, 0.99999994, -1.4802026e-09, 11.731992, 1.2087519e-06)
bones/2/enabled = true
bones/2/position = Vector3(-1.4802026e-09, 11.731992, 1.2087519e-06)
bones/2/rotation = Quaternion(0.2552988, 0.007672956, -0.059892803, 0.9649748)
bones/2/scale = Vector3(1, 1, 1)
bones/3/name = "mixamorig_Spine2"
bones/3/parent = 2
bones/3/rest = Transform3D(1, -6.3056877e-06, 4.763499e-06, 6.8125864e-06, 0.9933387, -0.115230985, -4.0051573e-06, 0.11523099, 0.99333864, 6.184564e-11, 13.458846, -1.3986038e-06)
bones/3/enabled = true
bones/3/position = Vector3(6.184564e-11, 13.458846, -1.3986038e-06)
bones/3/rotation = Quaternion(0.31037742, 0.004196089, -0.060224198, 0.9486946)
bones/3/scale = Vector3(1, 0.99999994, 0.9999999)
bones/4/name = "mixamorig_Neck"
bones/4/parent = 3
bones/4/rest = Transform3D(1, 1.1329041e-11, -7.6197225e-13, -1.133317e-11, 0.999984, -0.0056554195, 6.978896e-13, 0.0056554195, 0.999984, 2.5480083e-05, 15.0277405, 0.87790734)
bones/4/enabled = true
bones/4/position = Vector3(2.5480083e-05, 15.0277405, 0.87790734)
bones/4/rotation = Quaternion(0.016857632, 0.03984777, -0.056062542, 0.99748933)
bones/4/scale = Vector3(1, 1, 1)
bones/5/name = "mixamorig_Head"
bones/5/parent = 4
bones/5/rest = Transform3D(1, 7.278982e-12, 3.3237305e-13, -7.278983e-12, 0.9999999, 1.2145347e-08, -3.3237296e-13, -1.2145345e-08, 1, 2.5603467e-06, 10.321838, 3.1424284)
bones/5/enabled = true
bones/5/position = Vector3(2.5603467e-06, 10.321838, 3.1424284)
bones/5/rotation = Quaternion(0.019273162, 0.063642815, 0.014715881, 0.9976781)
bones/5/scale = Vector3(1, 0.9999999, 1)
bones/6/name = "mixamorig_HeadTop_End"
bones/6/parent = 5
bones/6/rest = Transform3D(1, -3.6379682e-12, -4.2824034e-13, 3.6379677e-12, 1.0000001, -3.495467e-15, 4.2824034e-13, 3.4954674e-15, 1, 0.00015451666, 18.474686, 6.6363997)
bones/6/enabled = true
bones/6/position = Vector3(0.00015451666, 18.474686, 6.6363997)
bones/6/rotation = Quaternion(1.7477335e-15, -2.1412017e-13, 1.8189839e-12, 1)
bones/6/scale = Vector3(1, 1.0000001, 1)
bones/7/name = "mixamorig_LeftShoulder"
bones/7/parent = 3
bones/7/rest = Transform3D(-0.20122975, 0.979319, -0.02100894, 0.009767951, -0.019440418, -0.9997634, -0.9794955, -0.20138735, -0.005653948, 6.1058245, 9.106266, 0.75706255)
bones/7/enabled = true
bones/7/position = Vector3(6.1058245, 9.106266, 0.75706255)
bones/7/rotation = Quaternion(-0.42672035, -0.5336003, 0.57458574, -0.45059058)
bones/7/scale = Vector3(1.0000001, 1.0000002, 1.0000001)
bones/8/name = "mixamorig_LeftArm"
bones/8/parent = 7
bones/8/rest = Transform3D(0.9795348, -0.20123036, -0.004228691, 0.20127483, 0.9793184, 0.020580254, -1.3713725e-07, -0.021010201, 0.9997793, -1.7881393e-07, 12.922288, -1.1057495e-05)
bones/8/enabled = true
bones/8/position = Vector3(-4.508881e-06, 12.922284, 4.669746e-06)
bones/8/rotation = Quaternion(-0.019671958, -0.23898491, 0.019764889, 0.97062284)
bones/8/scale = Vector3(1, 0.99999976, 1)
bones/9/name = "mixamorig_LeftForeArm"
bones/9/parent = 8
bones/9/rest = Transform3D(1, -9.589108e-09, -1.4144378e-09, 9.589108e-09, 1, -1.2543751e-07, 1.4144389e-09, 1.2543751e-07, 1, 1.4453572e-05, 27.404675, 7.241264e-06)
bones/9/enabled = true
bones/9/position = Vector3(1.623287e-05, 27.404678, -2.783684e-06)
bones/9/rotation = Quaternion(0.068674535, -0.08457816, 0.16360553, 0.9804916)
bones/9/scale = Vector3(1, 1, 1)
bones/10/name = "mixamorig_LeftHand"
bones/10/parent = 9
bones/10/rest = Transform3D(1, -1.5497101e-09, 1.5495772e-09, 1.5497101e-09, 1, -2.3595938e-08, -1.5495772e-09, 2.3595938e-08, 1, 3.8798862e-07, 27.61446, 1.6701291e-05)
bones/10/enabled = true
bones/10/position = Vector3(5.0284934e-06, 27.61446, 3.3384822e-06)
bones/10/rotation = Quaternion(-0.2960159, -0.07169965, 0.12684444, 0.94400436)
bones/10/scale = Vector3(1, 1, 1)
bones/11/name = "mixamorig_LeftHandThumb1"
bones/11/parent = 10
bones/11/rest = Transform3D(0.89442825, -0.44721144, 2.93719e-07, 0.38729674, 0.7745975, -0.4999997, 0.2236054, 0.44721392, 0.86602557, -3.002972, 3.7888062, 2.1671462)
bones/11/enabled = true
bones/11/position = Vector3(-3.0029757, 3.7888126, 2.167143)
bones/11/rotation = Quaternion(0.3069148, -0.0074638864, 0.15567432, 0.9388894)
bones/11/scale = Vector3(1, 0.9999998, 1)
bones/12/name = "mixamorig_LeftHandThumb2"
bones/12/parent = 11
bones/12/rest = Transform3D(1, -2.365557e-06, 4.0478574e-07, 2.3655618e-06, 1.0000001, -1.2272318e-05, -4.0475672e-07, 1.227232e-05, 1, 5.2452087e-06, 4.744985, -3.5291619e-06)
bones/12/enabled = true
bones/12/position = Vector3(9.537002e-07, 4.7449718, 3.6964275e-06)
bones/12/rotation = Quaternion(-0.00731693, 0.00065769424, 0.0011986437, 0.9999723)
bones/12/scale = Vector3(1, 1.0000001, 1)
bones/13/name = "mixamorig_LeftHandThumb3"
bones/13/parent = 12
bones/13/rest = Transform3D(1, 9.164208e-07, -5.3994705e-07, -9.164221e-07, 1, -2.4569424e-06, 5.399447e-07, 2.4569426e-06, 1.0000001, -6.377697e-06, 4.382113, -5.598203e-06)
bones/13/enabled = true
bones/13/position = Vector3(-6.5567565e-07, 4.3821225, 5.7964958e-06)
bones/13/rotation = Quaternion(1.2399902e-06, -2.2923973e-07, -5.327164e-07, 1)
bones/13/scale = Vector3(1, 1, 1.0000001)
bones/14/name = "mixamorig_LeftHandThumb4"
bones/14/parent = 13
bones/14/rest = Transform3D(0.9580414, -0.14032076, 0.24993332, 0.1449172, 0.9894438, 1.132298e-05, -0.24729657, 0.036208794, 0.968263, -5.6028366e-06, 3.4590833, -1.2989822e-06)
bones/14/enabled = true
bones/14/position = Vector3(-4.7515664e-06, 3.4590864, -3.2209714e-06)
bones/14/rotation = Quaternion(0.009146205, 0.12563767, 0.072072566, 0.9894125)
bones/14/scale = Vector3(1, 1, 0.99999994)
bones/15/name = "mixamorig_LeftHandIndex1"
bones/15/parent = 10
bones/15/rest = Transform3D(1, -9.1888705e-06, -6.451952e-08, 9.1888705e-06, 1, -2.6877467e-06, 6.454422e-08, 2.6877462e-06, 1, -2.8220367, 12.266617, 0.23181917)
bones/15/enabled = true
bones/15/position = Vector3(-2.8220415, 12.266624, 0.23181441)
bones/15/rotation = Quaternion(0.03268763, -0.005827651, 0.061108276, 0.99757874)
bones/15/scale = Vector3(1, 1, 1)
bones/16/name = "mixamorig_LeftHandIndex2"
bones/16/parent = 15
bones/16/rest = Transform3D(1, 1.238153e-05, 9.082351e-08, -1.238153e-05, 1, 3.1074562e-06, -9.078504e-08, -3.1074571e-06, 1, -3.070545e-07, 3.8919713, 5.0381345e-06)
bones/16/enabled = true
bones/16/position = Vector3(-2.1390761e-07, 3.8919752, 6.9589955e-06)
bones/16/rotation = Quaternion(0.14278667, -0.0007115728, -0.0069883196, 0.98972857)
bones/16/scale = Vector3(1, 1, 1)
bones/17/name = "mixamorig_LeftHandIndex3"
bones/17/parent = 16
bones/17/rest = Transform3D(1, 1.1355588e-08, -1.1353975e-08, -1.1355589e-08, 1, -1.2607057e-07, 1.1353973e-08, 1.2607057e-07, 1, 2.9314833e-08, 3.4151633, 1.015485e-05)
bones/17/enabled = true
bones/17/position = Vector3(5.3677354e-06, 3.4151576, -1.0574044e-05)
bones/17/rotation = Quaternion(7.79328e-08, -1.9516981e-09, 9.223369e-09, 1)
bones/17/scale = Vector3(1, 1, 1)
bones/18/name = "mixamorig_LeftHandIndex4"
bones/18/parent = 17
bones/18/rest = Transform3D(0.999968, -4.5546032e-05, 0.008003154, 4.5584246e-05, 1, -4.5927295e-06, -0.008003154, 4.9574005e-06, 0.999968, 6.7956535e-07, 3.0779948, -1.6532354e-06)
bones/18/enabled = true
bones/18/position = Vector3(-5.1413713e-06, 3.0779796, 4.3672585e-06)
bones/18/rotation = Quaternion(2.3875518e-06, 0.004001609, 2.2782751e-05, 0.999992)
bones/18/scale = Vector3(1, 1, 1)
bones/19/name = "mixamorig_LeftHandMiddle1"
bones/19/parent = 10
bones/19/rest = Transform3D(1, 1.2862193e-07, -9.401191e-09, -1.2862193e-07, 1, -2.7383066e-07, 9.401155e-09, 2.7383066e-07, 1, -1.1682054e-05, 12.775525, -8.4506855e-06)
bones/19/enabled = true
bones/19/position = Vector3(-1.6101369e-05, 12.775531, -1.4064424e-05)
bones/19/rotation = Quaternion(0.12465122, 0.0061221095, -0.0858523, 0.9884604)
bones/19/scale = Vector3(1, 1, 1)
bones/20/name = "mixamorig_LeftHandMiddle2"
bones/20/parent = 19
bones/20/rest = Transform3D(1, -5.8808776e-09, 5.8803367e-09, 5.8808802e-09, 1, -4.5843262e-07, -5.880334e-09, 4.5843262e-07, 1, 1.5274327e-07, 3.6139648, -1.6928198e-06)
bones/20/enabled = true
bones/20/position = Vector3(-8.081244e-06, 3.6139662, -5.9943295e-06)
bones/20/rotation = Quaternion(0.18971871, -0.0013173416, 0.0141677605, 0.9817354)
bones/20/scale = Vector3(1, 1, 1)
bones/21/name = "mixamorig_LeftHandMiddle3"
bones/21/parent = 20
bones/21/rest = Transform3D(1, 8.255206e-09, -8.254367e-09, -8.255215e-09, 1, -1.1370466e-06, 8.254358e-09, 1.1370466e-06, 1, 2.9183822e-05, 3.4597623, 2.7849446e-06)
bones/21/enabled = true
bones/21/position = Vector3(2.8102415e-05, 3.4597661, -4.378519e-06)
bones/21/rotation = Quaternion(5.6211866e-07, -4.2311363e-08, -6.559492e-08, 1)
bones/21/scale = Vector3(1, 1, 1)
bones/22/name = "mixamorig_LeftHandMiddle4"
bones/22/parent = 21
bones/22/rest = Transform3D(0.9999572, 0.0013082529, 0.009158669, -0.0013082741, 0.99999917, -3.68976e-06, -0.009158665, -8.292447e-06, 0.99995804, -3.0948388e-05, 3.6801956, 3.0879096e-06)
bones/22/enabled = true
bones/22/position = Vector3(-3.864449e-05, 3.6801918, 9.703104e-06)
bones/22/rotation = Quaternion(-1.1506846e-06, 0.004579383, -0.00065413886, 0.9999893)
bones/22/scale = Vector3(1, 1, 0.99999994)
bones/23/name = "mixamorig_LeftHandRing1"
bones/23/parent = 10
bones/23/rest = Transform3D(1, -9.00397e-06, 6.673038e-08, 9.00397e-06, 1, 4.1116227e-08, -6.673075e-08, -4.1115623e-08, 1, 2.216638, 12.147009, -0.009998069)
bones/23/enabled = true
bones/23/position = Vector3(2.2166352, 12.147014, -0.010014007)
bones/23/rotation = Quaternion(0.2649543, -0.013301938, -0.13087182, 0.955246)
bones/23/scale = Vector3(1, 1, 1)
bones/24/name = "mixamorig_LeftHandRing2"
bones/24/parent = 23
bones/24/rest = Transform3D(1, 1.6185015e-05, 2.4684624e-08, -1.6185015e-05, 1, 3.2925275e-06, -2.4631333e-08, -3.292528e-06, 1, 4.448866e-07, 3.6011856, 1.5789408e-05)
bones/24/enabled = true
bones/24/position = Vector3(-3.9737693e-06, 3.6011932, 6.111086e-06)
bones/24/rotation = Quaternion(0.27554154, 0.0016882285, 0.02413632, 0.96098465)
bones/24/scale = Vector3(1, 1, 1)
bones/25/name = "mixamorig_LeftHandRing3"
bones/25/parent = 24
bones/25/rest = Transform3D(1, -1.4597683e-07, 1.4596277e-07, 1.4597691e-07, 1, -5.56694e-07, -1.4596269e-07, 5.56694e-07, 1, -1.3287986e-06, 3.3073149, 5.5840255e-06)
bones/25/enabled = true
bones/25/position = Vector3(8.557798e-06, 3.3073206, 1.1939356e-05)
bones/25/rotation = Quaternion(2.8952832e-07, 5.4354913e-08, 6.926338e-08, 1)
bones/25/scale = Vector3(1, 1, 1)
bones/26/name = "mixamorig_LeftHandRing4"
bones/26/parent = 25
bones/26/rest = Transform3D(0.9998894, -0.0015412074, 0.01479222, 0.0015414704, 0.9999988, -6.380682e-06, -0.014792192, 2.9181747e-05, 0.99989057, -2.4039258e-05, 3.6601007, 9.046895e-07)
bones/26/enabled = true
bones/26/position = Vector3(-2.1942704e-05, 3.6601102, 5.3255408e-06)
bones/26/rotation = Quaternion(8.890853e-06, 0.007396308, 0.0007706908, 0.99997234)
bones/26/scale = Vector3(0.99999994, 1, 0.99999994)
bones/27/name = "mixamorig_LeftHandPinky1"
bones/27/parent = 10
bones/27/rest = Transform3D(0.9999999, -0.00028172263, 2.1555363e-07, 0.0002817226, 1, -4.099271e-06, -2.1439874e-07, 4.099332e-06, 1, 4.725837, 10.908187, 0.22612804)
bones/27/enabled = true
bones/27/position = Vector3(4.725836, 10.908191, 0.22612719)
bones/27/rotation = Quaternion(0.29092103, -0.014021499, -0.16396213, 0.9424887)
bones/27/scale = Vector3(0.9999999, 1, 1)
bones/28/name = "mixamorig_LeftHandPinky2"
bones/28/parent = 27
bones/28/rest = Transform3D(0.9999997, 0.00073588063, -1.405711e-07, -0.00073588063, 0.9999997, 9.247101e-06, 1.4737583e-07, -9.2469945e-06, 1, -4.4278386e-07, 4.136662, -1.0540134e-06)
bones/28/enabled = true
bones/28/position = Vector3(6.5621234e-06, 4.136658, 6.920748e-06)
bones/28/rotation = Quaternion(0.3361464, 0.0112095205, 0.04961562, 0.9404351)
bones/28/scale = Vector3(0.99999994, 0.99999994, 1)
bones/29/name = "mixamorig_LeftHandPinky3"
bones/29/parent = 28
bones/29/rest = Transform3D(0.9999998, -0.00045944215, -1.5050479e-07, 0.00045944212, 0.9999999, -5.36908e-06, 1.5297154e-07, 5.3690105e-06, 1, -1.234016e-06, 2.5948284, 1.0011332e-05)
bones/29/enabled = true
bones/29/position = Vector3(1.0542312e-05, 2.5948436, 3.2037733e-06)
bones/29/rotation = Quaternion(-8.060605e-07, -6.860437e-08, 2.617742e-07, 1)
bones/29/scale = Vector3(0.99999994, 1, 1)
bones/30/name = "mixamorig_LeftHandPinky4"
bones/30/parent = 29
bones/30/rest = Transform3D(0.9999657, 0.0011500681, 0.008199766, -0.0011500723, 0.99999934, -4.212119e-06, -0.008199766, -5.2183495e-06, 0.9999664, -8.4897874e-07, 2.9238603, -9.449178e-06)
bones/30/enabled = true
bones/30/position = Vector3(-3.1476281e-06, 2.9238641, 1.9997544e-05)
bones/30/rotation = Quaternion(-2.515602e-07, 0.0040999185, -0.00057504006, 0.9999914)
bones/30/scale = Vector3(1, 1, 1)
bones/31/name = "mixamorig_RightShoulder"
bones/31/parent = 3
bones/31/rest = Transform3D(-0.2012277, -0.9793192, 0.021016616, -0.009769619, -0.019447926, -0.9997632, 0.9794959, -0.20138538, -0.005654113, -6.105696, 9.106377, 0.75707567)
bones/31/enabled = true
bones/31/position = Vector3(-6.105696, 9.106387, 0.75705874)
bones/31/rotation = Quaternion(0.36410463, -0.5689496, 0.6199136, 0.39928865)
bones/31/scale = Vector3(1.0000001, 1.0000002, 1)
bones/32/name = "mixamorig_RightArm"
bones/32/parent = 31
bones/32/rest = Transform3D(0.9795352, 0.2012278, 0.004230185, -0.20127225, 0.9793189, 0.020587452, 6.752088e-08, -0.021017555, 0.9997791, 2.3841858e-07, 12.922285, -1.7762424e-05)
bones/32/enabled = true
bones/32/position = Vector3(-1.9403724e-05, 12.922294, 1.2500313e-06)
bones/32/rotation = Quaternion(0.020839205, 0.19854023, 0.023330603, 0.97959346)
bones/32/scale = Vector3(0.9999999, 0.99999994, 1)
bones/33/name = "mixamorig_RightForeArm"
bones/33/parent = 32
bones/33/rest = Transform3D(1, -9.031265e-09, 4.5329656e-09, 9.031265e-09, 0.99999994, 1.06105304e-07, -4.5329664e-09, -1.061053e-07, 1, -5.50237e-07, 27.404669, -1.2443756e-05)
bones/33/enabled = true
bones/33/position = Vector3(5.300473e-06, 27.404663, 1.0909889e-05)
bones/33/rotation = Quaternion(0.019138815, 0.030186823, -0.24131726, 0.96978784)
bones/33/scale = Vector3(1, 0.99999994, 1)
bones/34/name = "mixamorig_RightHand"
bones/34/parent = 33
bones/34/rest = Transform3D(1, 4.132602e-09, -4.132929e-09, -4.1325996e-09, 0.99999994, 5.92685e-07, 4.1329318e-09, -5.9268496e-07, 1, 1.2914968e-05, 27.614454, -7.5734392e-06)
bones/34/enabled = true
bones/34/position = Vector3(2.5441579e-05, 27.614456, -5.20063e-06)
bones/34/rotation = Quaternion(-0.31732535, 0.0021738214, -0.053400278, 0.9468096)
bones/34/scale = Vector3(1, 0.99999994, 1)
bones/35/name = "mixamorig_RightHandThumb1"
bones/35/parent = 34
bones/35/rest = Transform3D(0.8944281, 0.44721198, 4.3056048e-07, -0.38729692, 0.77459747, -0.49999976, -0.22360629, 0.4472136, 0.8660255, 3.0029745, 3.7888007, 2.1671598)
bones/35/enabled = true
bones/35/position = Vector3(3.0029745, 3.7888007, 2.1671598)
bones/35/rotation = Quaternion(0.23117831, 0.14274028, -0.20020324, 0.9413291)
bones/35/scale = Vector3(1.0000001, 0.9999999, 0.99999994)
bones/36/name = "mixamorig_RightHandThumb2"
bones/36/parent = 35
bones/36/rest = Transform3D(1, 5.252665e-07, 6.1360964e-08, -5.2526536e-07, 1.0000001, -1.7835802e-05, -6.1370336e-08, 1.7835804e-05, 1, -1.2516975e-06, 4.744964, -2.0936946e-07)
bones/36/enabled = true
bones/36/position = Vector3(3.874303e-06, 4.7449675, 1.5864924e-05)
bones/36/rotation = Quaternion(-0.041082468, 0.0016514638, 0.17855835, 0.9830699)
bones/36/scale = Vector3(1, 1.0000001, 1)
bones/37/name = "mixamorig_RightHandThumb3"
bones/37/parent = 36
bones/37/rest = Transform3D(0.99999994, 8.195623e-08, 2.4320735e-07, -8.1956564e-08, 0.99999994, 1.3807526e-06, -2.432072e-07, -1.3807525e-06, 1, -4.053116e-06, 4.3821406, 2.7271311e-05)
bones/37/enabled = true
bones/37/position = Vector3(3.278254e-06, 4.3821263, -3.3035103e-06)
bones/37/rotation = Quaternion(-7.4594516e-07, 4.088864e-08, -7.0780466e-08, 1)
bones/37/scale = Vector3(0.99999994, 0.99999994, 1)
bones/38/name = "mixamorig_RightHandThumb4"
bones/38/parent = 37
bones/38/rest = Transform3D(0.95721287, 0.14074692, -0.252852, -0.14544183, 0.98936677, 0.00012493129, 0.250181, 0.036655664, 0.967505, 1.1205673e-05, 3.4590657, -3.2220152e-05)
bones/38/enabled = true
bones/38/position = Vector3(8.161187e-07, 3.4590802, -4.6059955e-05)
bones/38/rotation = Quaternion(0.009232372, -0.12713096, -0.072328165, 0.98920226)
bones/38/scale = Vector3(1.0000001, 1, 1)
bones/39/name = "mixamorig_RightHandIndex1"
bones/39/parent = 34
bones/39/rest = Transform3D(1, 9.4951665e-06, -5.7459317e-08, -9.495168e-06, 0.99999976, -9.572232e-08, 5.7458408e-08, 9.572285e-08, 1, 2.8220425, 12.266608, 0.23182847)
bones/39/enabled = true
bones/39/position = Vector3(2.8220491, 12.266605, 0.23183635)
bones/39/rotation = Quaternion(0.039575282, 0.00988386, 0.010224026, 0.9991154)
bones/39/scale = Vector3(1, 0.99999976, 1)
bones/40/name = "mixamorig_RightHandIndex2"
bones/40/parent = 39
bones/40/rest = Transform3D(1, -8.305089e-06, 1.7860508e-07, 8.305089e-06, 1, -3.1033435e-06, -1.785793e-07, 3.1033449e-06, 1, 5.5287785e-08, 3.891967, 8.883708e-06)
bones/40/enabled = true
bones/40/position = Vector3(9.7385355e-06, 3.8919687, 3.4149698e-06)
bones/40/rotation = Quaternion(0.14729609, 0.0002081844, 0.009812218, 0.9890438)
bones/40/scale = Vector3(1, 1, 1)
bones/41/name = "mixamorig_RightHandIndex3"
bones/41/parent = 40
bones/41/rest = Transform3D(1, -2.5897267e-08, 2.5899286e-08, 2.5897263e-08, 1, 1.2607785e-07, -2.589929e-08, -1.2607785e-07, 1, -1.2591365e-05, 3.415163, 3.824113e-06)
bones/41/enabled = true
bones/41/position = Vector3(-2.2220063e-05, 3.4151597, 1.3614654e-05)
bones/41/rotation = Quaternion(-6.4894294e-08, 1.4812294e-08, 9.223399e-09, 1)
bones/41/scale = Vector3(1, 1, 1)
bones/42/name = "mixamorig_RightHandIndex4"
bones/42/parent = 41
bones/42/rest = Transform3D(0.9999062, -0.0027480246, -0.013418768, 0.0027499725, 0.9999962, 0.00012670457, 0.013418369, -0.00016359391, 0.99990994, -1.4550133e-06, 3.0779848, 1.5507423e-05)
bones/42/enabled = true
bones/42/position = Vector3(-5.8295454e-06, 3.0780063, 1.4740011e-05)
bones/42/rotation = Quaternion(-7.257633e-05, -0.0067094415, 0.0013745317, 0.9999766)
bones/42/scale = Vector3(1, 0.99999994, 0.99999994)
bones/43/name = "mixamorig_RightHandMiddle1"
bones/43/parent = 34
bones/43/rest = Transform3D(1, 7.565318e-07, 7.786633e-08, -7.565317e-07, 0.99999994, -2.5055306e-06, -7.786823e-08, 2.5055303e-06, 1, 1.696802e-05, 12.77552, 1.8815945e-05)
bones/43/enabled = true
bones/43/position = Vector3(3.7454965e-06, 12.775514, -1.6994472e-06)
bones/43/rotation = Quaternion(0.11098371, 0.00856367, 0.024540043, 0.9934823)
bones/43/scale = Vector3(1, 0.99999994, 1)
bones/44/name = "mixamorig_RightHandMiddle2"
bones/44/parent = 43
bones/44/rest = Transform3D(1, -7.313415e-08, 7.314076e-08, 7.3134125e-08, 0.99999994, 4.5843274e-07, -7.31408e-08, -4.584327e-07, 1, -1.3435238e-07, 3.6139548, -1.7462236e-07)
bones/44/enabled = true
bones/44/position = Vector3(-2.4800931e-05, 3.613971, 2.1977198e-06)
bones/44/rotation = Quaternion(0.2635691, 0.0013880485, -0.01678317, 0.9644935)
bones/44/scale = Vector3(1, 0.99999994, 1)
bones/45/name = "mixamorig_RightHandMiddle3"
bones/45/parent = 44
bones/45/rest = Transform3D(1, 4.7017938e-08, -4.7022017e-08, -4.701789e-08, 0.99999994, 1.1370576e-06, 4.702207e-08, -1.1370574e-06, 1, -2.9770186e-05, 3.4597547, -5.0646904e-06)
bones/45/enabled = true
bones/45/position = Vector3(-4.8237856e-05, 3.4597528, -2.367224e-05)
bones/45/rotation = Quaternion(-6.262708e-07, 2.1192504e-08, 2.119449e-08, 1)
bones/45/scale = Vector3(1, 0.99999994, 1)
bones/46/name = "mixamorig_RightHandMiddle4"
bones/46/parent = 45
bones/46/rest = Transform3D(0.9999045, 0.0034172432, -0.013390086, -0.0034158824, 0.9999941, 0.00012452787, 0.013390434, -7.8777026e-05, 0.9999103, 2.774182e-05, 3.6801934, -2.0379746e-05)
bones/46/enabled = true
bones/46/position = Vector3(2.8863056e-05, 3.6801972, -6.5625118e-06)
bones/46/rotation = Quaternion(-5.082745e-05, -0.0066952906, -0.0017083224, 0.9999761)
bones/46/scale = Vector3(1, 0.99999994, 0.99999994)
bones/47/name = "mixamorig_RightHandRing1"
bones/47/parent = 34
bones/47/rest = Transform3D(1, 9.599783e-06, 2.1896941e-08, -9.599784e-06, 0.99999994, -2.8199397e-06, -2.1924013e-08, 2.8199393e-06, 1, -2.2166317, 12.146994, -0.009997871)
bones/47/enabled = true
bones/47/position = Vector3(-2.2166405, 12.146991, -0.009989609)
bones/47/rotation = Quaternion(0.18700328, -0.008537076, 0.06738165, 0.9800085)
bones/47/scale = Vector3(1, 0.99999994, 1)
bones/48/name = "mixamorig_RightHandRing2"
bones/48/parent = 47
bones/48/rest = Transform3D(1, -1.6061687e-05, 3.260022e-09, 1.606169e-05, 0.99999994, 1.3205942e-06, -3.281233e-09, -1.320594e-06, 1, 7.847175e-07, 3.6011896, -1.723234e-06)
bones/48/enabled = true
bones/48/position = Vector3(-2.4250987e-06, 3.601203, 1.2737378e-05)
bones/48/rotation = Quaternion(0.32041457, -0.0023614457, -0.033874705, 0.9466686)
bones/48/scale = Vector3(1, 0.99999994, 1)
bones/49/name = "mixamorig_RightHandRing3"
bones/49/parent = 48
bones/49/rest = Transform3D(1, 3.479379e-08, -3.479753e-08, -3.479379e-08, 0.99999994, 1.11976995e-07, 3.4797534e-08, -1.1197699e-07, 1, -9.768037e-07, 3.307317, -5.5877417e-06)
bones/49/enabled = true
bones/49/position = Vector3(1.4887038e-05, 3.3073108, 1.7212542e-06)
bones/49/rotation = Quaternion(-2.8980145e-08, -2.8574636e-08, -2.8107216e-08, 1)
bones/49/scale = Vector3(1, 0.99999994, 1)
bones/50/name = "mixamorig_RightHandRing4"
bones/50/parent = 49
bones/50/rest = Transform3D(0.99988395, 0.0006013697, -0.015225951, -0.0005995228, 0.9999997, 0.00012587298, 0.015226026, -0.00011673005, 0.99988395, 2.2268498e-05, 3.660116, 5.10143e-06)
bones/50/enabled = true
bones/50/position = Vector3(3.7089787e-05, 3.660123, 1.16585e-05)
bones/50/rotation = Quaternion(-6.065253e-05, -0.0076132165, -0.00030023186, 0.999971)
bones/50/scale = Vector3(1, 0.9999999, 0.9999999)
bones/51/name = "mixamorig_RightHandPinky1"
bones/51/parent = 34
bones/51/rest = Transform3D(1, 6.2246413e-06, -2.309502e-08, -6.2246418e-06, 0.99999994, -2.3666616e-06, 2.3080288e-08, 2.3666616e-06, 1, -4.725834, 10.9081745, 0.22613177)
bones/51/enabled = true
bones/51/position = Vector3(-4.7258453, 10.908187, 0.2261345)
bones/51/rotation = Quaternion(0.20715585, -0.011123453, 0.092003144, 0.9739088)
bones/51/scale = Vector3(1, 0.99999994, 1)
bones/52/name = "mixamorig_RightHandPinky2"
bones/52/parent = 51
bones/52/rest = Transform3D(1, -2.088547e-05, 1.4167831e-07, 2.0885473e-05, 0.99999994, 3.2047524e-07, -1.41685e-07, -3.2047225e-07, 1, -9.932205e-07, 4.136649, -5.294623e-06)
bones/52/enabled = true
bones/52/position = Vector3(-6.0926304e-06, 4.1366568, -3.519169e-06)
bones/52/rotation = Quaternion(0.349283, -0.012198857, -0.06872577, 0.9344139)
bones/52/scale = Vector3(1, 0.99999994, 1)
bones/53/name = "mixamorig_RightHandPinky3"
bones/53/parent = 52
bones/53/rest = Transform3D(1, 2.1141686e-05, -4.3514547e-08, -2.1141688e-05, 0.99999994, -5.114826e-07, 4.3503732e-08, 5.1148345e-07, 1, 2.8968134e-07, 2.5948389, -8.888384e-06)
bones/53/enabled = true
bones/53/position = Vector3(-1.0531341e-05, 2.5948427, 9.100471e-06)
bones/53/rotation = Quaternion(2.0731035e-07, -1.8031457e-08, -8.0427526e-08, 1)
bones/53/scale = Vector3(1, 0.99999994, 1)
bones/54/name = "mixamorig_RightHandPinky4"
bones/54/parent = 53
bones/54/rest = Transform3D(0.9998458, -0.004410797, -0.016997512, 0.004413619, 0.9999902, 0.0001285281, 0.016996779, -0.00020352882, 0.9998555, -6.4004234e-07, 2.9238656, -9.3977515e-06)
bones/54/enabled = true
bones/54/position = Vector3(3.1686554e-06, 2.923858, -1.0414445e-05)
bones/54/rotation = Quaternion(-8.301745e-05, -0.0084989015, 0.0022061893, 0.99996144)
bones/54/scale = Vector3(1, 0.99999994, 0.99999994)
bones/55/name = "mixamorig_LeftUpLeg"
bones/55/parent = 0
bones/55/rest = Transform3D(-0.99998236, 0.005938867, 7.830617e-05, -0.005939382, -0.9999018, -0.012699922, 2.8753343e-06, -0.012700166, 0.99991924, 9.123873, -6.657196, -0.055403102)
bones/55/enabled = true
bones/55/position = Vector3(9.123873, -6.657196, -0.055403102)
bones/55/rotation = Quaternion(0.13616866, 0.6015951, 0.78048533, -0.101902306)
bones/55/scale = Vector3(1, 1, 0.9999999)
bones/56/name = "mixamorig_LeftLeg"
bones/56/parent = 55
bones/56/rest = Transform3D(0.99992985, 0.011831512, 0.00057971606, -0.011844749, 0.9992735, 0.036219873, -0.00015075904, -0.03622419, 0.9993437, -8.337711e-07, 40.599445, -1.9127037e-07)
bones/56/enabled = true
bones/56/position = Vector3(3.4059644e-07, 40.599438, 3.3807287e-06)
bones/56/rotation = Quaternion(-0.8812289, -0.006853614, 0.0082786335, 0.4725678)
bones/56/scale = Vector3(1, 0.9999998, 1)
bones/57/name = "mixamorig_LeftFoot"
bones/57/parent = 56
bones/57/rest = Transform3D(0.99834204, -0.026427226, 0.05113373, 0.05749026, 0.4143666, -0.9082923, 0.0028155388, 0.90972614, 0.41519892, -4.637552e-07, 42.099014, -5.1013194e-07)
bones/57/enabled = true
bones/57/position = Vector3(-1.4717939e-06, 42.09901, -7.556597e-06)
bones/57/rotation = Quaternion(0.51781404, -0.053939953, -0.08262735, 0.8497834)
bones/57/scale = Vector3(0.99999994, 0.9999999, 0.9999998)
bones/58/name = "mixamorig_LeftToeBase"
bones/58/parent = 57
bones/58/rest = Transform3D(0.99741244, 0.015093744, -0.07028859, -0.04471332, 0.8958404, -0.44212064, 0.056294102, 0.44411948, 0.8941973, 6.6088097e-07, 15.72156, 0)
bones/58/enabled = true
bones/58/position = Vector3(6.6088097e-07, 15.72156, 0)
bones/58/rotation = Quaternion(0.24021481, -0.032484125, -0.015136764, 0.970058)
bones/58/scale = Vector3(0.9999999, 1, 0.99999994)
bones/59/name = "mixamorig_LeftToe_End"
bones/59/parent = 58
bones/59/rest = Transform3D(0.99999994, -4.714821e-09, 9.764335e-09, 4.7148205e-09, 0.99999994, 3.7121936e-08, -9.764336e-09, -3.712194e-08, 0.9999998, -1.3038516e-07, 10, 3.427267e-07)
bones/59/enabled = true
bones/59/position = Vector3(1.2852252e-06, 10.000004, -2.326444e-06)
bones/59/rotation = Quaternion(-1.8560971e-08, 4.8821684e-09, 2.3574107e-09, 1)
bones/59/scale = Vector3(0.99999994, 0.99999994, 0.9999998)
bones/60/name = "mixamorig_RightUpLeg"
bones/60/parent = 0
bones/60/rest = Transform3D(-0.9999813, -0.0061145495, -7.4463744e-05, 0.0061150026, -0.9999009, -0.012667183, 2.997749e-06, -0.0126674, 0.9999197, -9.125032, -6.6556015, -0.055352744)
bones/60/enabled = true
bones/60/position = Vector3(-9.125032, -6.6556015, -0.055352744)
bones/60/rotation = Quaternion(-0.16364273, 0.59084177, 0.7783443, 0.13530418)
bones/60/scale = Vector3(0.99999994, 0.99999976, 0.99999994)
bones/61/name = "mixamorig_RightLeg"
bones/61/parent = 60
bones/61/rest = Transform3D(0.9999297, -0.011831541, -0.0005796721, 0.011844782, 0.9992712, 0.03628536, 0.00014993793, -0.03628968, 0.99934125, -3.681991e-07, 40.59944, -7.3516276e-08)
bones/61/enabled = true
bones/61/position = Vector3(2.4785356e-06, 40.599445, -9.548247e-06)
bones/61/rotation = Quaternion(-0.9072585, -0.045031857, 0.107503965, 0.40410036)
bones/61/scale = Vector3(0.9999999, 0.99999994, 0.99999994)
bones/62/name = "mixamorig_RightFoot"
bones/62/parent = 61
bones/62/rest = Transform3D(0.9983421, 0.026427096, -0.051133655, -0.05749004, 0.41433695, -0.90830594, -0.0028173272, 0.90973985, 0.41516927, 2.4601192e-07, 42.099026, 2.0791776e-07)
bones/62/enabled = true
bones/62/position = Vector3(2.4601192e-07, 42.099026, 2.0791776e-07)
bones/62/rotation = Quaternion(0.27645832, 0.08196816, 0.1309771, 0.94852364)
bones/62/scale = Vector3(0.99999994, 1, 0.99999994)
bones/63/name = "mixamorig_RightToeBase"
bones/63/parent = 62
bones/63/rest = Transform3D(0.997471, -0.015066451, 0.06945856, 0.0443221, 0.8958318, -0.4421773, -0.055561148, 0.44413766, 0.894234, -1.2855262e-06, 15.721559, 5.662441e-07)
bones/63/enabled = true
bones/63/position = Vector3(-1.2855262e-06, 15.721559, 5.662441e-07)
bones/63/rotation = Quaternion(0.20382726, 0.032173414, 0.015695369, 0.97835225)
bones/63/scale = Vector3(0.9999999, 0.99999994, 0.9999998)
bones/64/name = "mixamorig_RightToe_End"
bones/64/parent = 63
